-10.0 0.0
-9.933333333333334 2.77235158560115E-20
-9.866666666666667 6.736178746791097E-20
-9.8 1.3552506562346973E-19
-9.733333333333334 2.6023683859605296E-19
-9.666666666666668 4.919335783092209E-19
-9.600000000000001 9.228664361061169E-19
-9.533333333333335 1.7219799261263691E-18
-9.466666666666669 3.1977408804322435E-18
-9.400000000000002 5.91098950863947E-18
-9.333333333333336 1.0876771132494242E-17
-9.26666666666667 1.992361856562409E-17
-9.200000000000003 3.633004322785915E-17
-9.133333333333336 6.59466594775578E-17
-9.06666666666667 1.1916485974865167E-16
-9.000000000000004 2.1435387077171456E-16
-8.933333333333337 3.83832131149716E-16
-8.86666666666667 6.84190951676927E-16
-8.800000000000004 1.2140552153581075E-15
-8.733333333333338 2.1444886903670042E-15
-8.666666666666671 3.770790196059772E-15
-8.600000000000005 6.600294726311181E-15
-8.533333333333339 1.1500472509879117E-14
-8.466666666666672 1.994749952784738E-14
-8.400000000000006 3.4441390434115734E-14
-8.33333333333334 5.919585700218172E-14
-8.266666666666673 1.0127898568207918E-13
-8.200000000000006 1.724899191412386E-13
-8.13333333333334 2.924309717682846E-13
-8.066666666666674 4.935114082094367E-13
-8.000000000000007 8.290564249574298E-13
-7.933333333333341 1.3863819832933033E-12
-7.866666666666674 2.307769775455141E-12
-7.800000000000008 3.823944887545089E-12
-7.733333333333341 6.307236531385856E-12
-7.666666666666675 1.0355563036209356E-11
-7.6000000000000085 1.692443369797009E-11
-7.533333333333342 2.7533352892413013E-11
-7.466666666666676 4.4586896764033247E-11
-7.400000000000009 7.187158357047154E-11
-7.333333333333343 1.1532078781624816E-10
-7.266666666666676 1.8418614957659093E-10
-7.20000000000001 2.9282209580847563E-10
-7.1333333333333435 4.6339006117811995E-10
-7.066666666666677 7.299347282415271E-10
-7.000000000000011 1.1444957545797351E-9
-6.933333333333344 1.7862224986488388E-9
-6.866666666666678 2.7748943432595946E-9
-6.800000000000011 4.290867905496062E-9
-6.733333333333345 6.604346584633122E-9
-6.6666666666666785 1.0118095047137869E-8
-6.600000000000012 1.5429432626792E-8
-6.533333333333346 2.341971042895389E-8
-6.466666666666679 3.538273906102706E-8
-6.400000000000013 5.320809159073301E-8
-6.333333333333346 7.964125503441047E-8
-6.26666666666668 1.1865075258859911E-7
-6.2000000000000135 1.7594325697839503E-7
-6.133333333333347 2.596821812662133E-7
-6.066666666666681 3.81484288024535E-7
-6.000000000000014 5.577937585956161E-7
-5.933333333333348 8.11765440664609E-7
-5.866666666666681 1.1758304780739505E-6
-5.800000000000015 1.69517038520072E-6
-5.7333333333333485 2.4323923668809844E-6
-5.666666666666682 3.473782150744106E-6
-5.600000000000016 4.937613945833248E-6
-5.533333333333349 6.9851237594705104E-6
-5.466666666666683 9.834905697129486E-6
-5.400000000000016 1.3781674466823631E-5
-5.33333333333335 1.922055419527337E-5
-5.2666666666666835 2.6678306211460266E-5
-5.200000000000017 3.6853197846149383E-5
-5.133333333333351 5.066553991890692E-5
-5.066666666666684 6.932127928819138E-5
-5.000000000000018 9.43914180729561E-5
-4.933333333333351 1.279104319712964E-4
-4.866666666666685 1.7249726008490118E-4
-4.8000000000000185 2.3150281478850088E-4
-4.733333333333352 3.091882817374462E-4
-4.666666666666686 4.1093870767049215E-4
-4.600000000000019 5.435164583933666E-4
-4.533333333333353 7.153590125978164E-4
-4.466666666666686 9.369251708061375E-4
-4.40000000000002 0.0012210930260104962
-4.3333333333333535 0.0015836118802179965
-4.266666666666687 0.002043608612457588
-4.200000000000021 0.002624146723379091
-4.133333333333354 0.003352833321167758
-4.066666666666688 0.0042624656098259875
-4.000000000000021 0.005391703954779358
-3.9333333333333544 0.006785753327769815
-3.8666666666666876 0.008497028914861109
-3.8000000000000207 0.010585775008089566
-3.733333333333354 0.013120599162746268
-3.666666666666687 0.016178876238654882
-3.60000000000002 0.019846969693454508
-3.533333333333353 0.024220210789354216
-3.4666666666666863 0.02940257073360927
-3.4000000000000195 0.035505956801605225
-3.3333333333333526 0.0426490618614726
-3.2666666666666857 0.05095569814407715
-3.200000000000019 0.06055255130267688
-3.133333333333352 0.07156630046578986
-3.066666666666685 0.0841200646973346
-3.000000000000018 0.09832915648074028
-2.9333333333333513 0.11429614876229156
-2.8666666666666845 0.1321052936638521
-2.8000000000000176 0.15181636780052757
-2.7333333333333507 0.17345806040930892
-2.666666666666684 0.19702106496673133
-2.600000000000017 0.22245108094852947
-2.53333333333335 0.2496419777189176
-2.466666666666683 0.2784294146863477
-2.4000000000000163 0.30858524795815884
-2.3333333333333495 0.33981308069353805
-2.2666666666666826 0.3717453290641985
-2.2000000000000157 0.403942175188799
-2.133333333333349 0.43589275995723453
-2.066666666666682 0.46701893022040364
-2.000000000000015 0.4966817951018613
-1.9333333333333484 0.5241912649100599
-1.8666666666666818 0.5488186442017512
-1.8000000000000151 0.5698122301935815
-1.7333333333333485 0.5864157325434806
-1.6666666666666818 0.5978891854872638
-1.6000000000000152 0.6035318746242974
-1.5333333333333485 0.602706655537239
-1.4666666666666819 0.5948649078682406
-1.4000000000000152 0.5795712547515673
-1.3333333333333486 0.556527091779841
-1.266666666666682 0.5255919194714843
-1.2000000000000153 0.48680146485040765
-1.1333333333333486 0.44038161590370856
-1.066666666666682 0.38675727987362707
-1.0000000000000153 0.3265554125988567
-0.9333333333333487 0.2606016487576611
-0.866666666666682 0.18991018639329646
-0.8000000000000154 0.11566683533379896
-0.7333333333333487 0.039205417446790077
-0.6666666666666821 -0.03802200547385138
-0.6000000000000154 -0.11448031692685863
-0.5333333333333488 -0.18859092021595533
-0.4666666666666821 -0.2587744471192881
-0.40000000000001545 -0.3234951607139757
-0.3333333333333488 -0.3813054852725447
-0.26666666666668215 -0.43088903551518787
-0.2000000000000155 -0.47110052870450686
-0.13333333333334885 -0.5010010477847535
-0.06666666666668218 -0.5198872797487385
-1.5515366769136563E-14 -0.5273135745181698
0.06666666666665115 -0.5231059460766829
0.13333333333331782 -0.5073674565059303
0.19999999999998447 -0.48047476963389446
0.2666666666666511 -0.4430660173489696
0.33333333333331777 -0.3960204708154458
0.3999999999999844 -0.34043083381725653
0.4666666666666511 -0.277569260624632
0.5333333333333178 -0.20884843277036252
0.5999999999999844 -0.13577919760081128
0.6666666666666511 -0.05992636964579347
0.7333333333333177 0.017135679193405855
0.7999999999999844 0.09386606190446452
0.866666666666651 0.16879758707222253
0.9333333333333177 0.24057284812670776
0.9999999999999843 0.3079751238040883
1.066666666666651 0.36995328065785604
1.1333333333333178 0.4256401480879561
1.1999999999999844 0.47436412297771924
1.266666666666651 0.5156540406406459
1.3333333333333177 0.5492376086066411
1.3999999999999844 0.5750339289067146
1.466666666666651 0.5931408243755424
1.5333333333333177 0.6038178291623761
1.5999999999999843 0.6074657999808595
1.666666666666651 0.6046041522272444
1.7333333333333176 0.5958467260715242
1.7999999999999843 0.5818772462861724
1.866666666666651 0.5634252619898061
1.9333333333333176 0.5412433459788102
1.9999999999999842 0.516086205973785
2.066666666666651 0.4886922202318121
2.1333333333333178 0.4597677656550242
2.1999999999999846 0.42997456522275773
2.2666666666666515 0.3999201498182058
2.3333333333333184 0.3680438855489307
2.3999999999999853 0.3364295844513592
2.466666666666652 0.3055126851694418
2.533333333333319 0.2756571115237366
2.599999999999986 0.24715630915142706
2.6666666666666528 0.22023615033160962
2.7333333333333196 0.1950593393274932
2.7999999999999865 0.17173095003918212
2.8666666666666534 0.1503047423242335
2.9333333333333202 0.13078993004167686
2.999999999999987 0.11315810961134583
3.066666666666654 0.09735009960991534
3.133333333333321 0.08328248680829518
3.1999999999999877 0.07085371957220436
3.2666666666666546 0.0599496335769413
3.3333333333333215 0.0504483356469178
3.3999999999999884 0.04222440798927253
3.4666666666666552 0.03515242635137062
3.533333333333322 0.029109811292493803
3.599999999999989 0.023979051761504826
3.666666666666656 0.019649354736315756
3.7333333333333227 0.01601778424406644
3.7999999999999896 0.01298995822958477
3.8666666666666565 0.010480373150434994
3.9333333333333234 0.008412424563126204
3.9999999999999902 0.006718188033231999
4.066666666666657 0.005338019117124774
4.133333333333323 0.004220024523262079
4.1999999999999895 0.003319449382798846
4.266666666666656 0.0025980182689965873
4.333333333333322 0.002023260537431687
4.399999999999989 0.0015678439620588375
4.466666666666655 0.0012089346839701453
4.533333333333322 9.275962691989497E-4
4.599999999999988 7.082362304906839E-4
4.6666666666666545 5.381047011685327E-4
4.733333333333321 4.0684701829134517E-4
4.799999999999987 3.0610971458149895E-4
4.866666666666654 2.2919775665980235E-4
4.93333333333332 1.7077971633969798E-4
4.999999999999987 1.2663683630797742E-4
5.066666666666653 9.345156900154319E-5
5.1333333333333195 6.863105192114616E-5
5.199999999999986 5.016106650789604E-5
5.266666666666652 3.648625300644448E-5
5.333333333333319 2.6412672090990433E-5
5.399999999999985 1.9029176415584683E-5
5.466666666666652 1.3644451250830119E-5
5.533333333333318 9.736980195260912E-6
5.5999999999999845 6.9155733468051505E-6
5.666666666666651 4.888450452194452E-6
5.733333333333317 3.4391939329238784E-6
5.799999999999984 2.4081731978718063E-6
5.86666666666665 1.6782916864276373E-6
5.933333333333317 1.1641228122128161E-6
5.999999999999983 8.036827461655813E-7
6.0666666666666496 5.52239843242307E-7
6.133333333333316 3.776858743426751E-7
6.199999999999982 2.570965430598152E-7
6.266666666666649 1.7419140167132994E-7
6.333333333333315 1.1746935493699644E-7
6.399999999999982 7.884827235528176E-8
6.466666666666648 5.267830216184073E-8
6.533333333333315 3.5030435481639696E-8
6.599999999999981 2.3186521929948623E-8
6.666666666666647 1.5275802792398472E-8
6.733333333333314 1.0017349847747284E-8
6.79999999999998 6.538587544970651E-9
6.866666666666647 4.248144019163314E-9
6.933333333333313 2.74726490485275E-9
6.99999999999998 1.7684372000383825E-9
7.066666666666646 1.1331000864762389E-9
7.133333333333312 7.226668167032176E-10
7.199999999999979 4.587761171608406E-10
7.266666666666645 2.8990648567724455E-10
7.333333333333312 1.823522203361924E-10
7.399999999999978 1.141725464023949E-10
7.466666666666645 7.115596299331829E-11
7.533333333333311 4.41429479986013E-11
7.599999999999977 2.7259205129013403E-11
7.666666666666644 1.6755918237349167E-11
7.73333333333331 1.0252453383846505E-11
7.799999999999977 6.244435796761625E-12
7.866666666666643 3.785870122645217E-12
7.93333333333331 2.2847914652996574E-12
7.999999999999976 1.3725778700992976E-12
8.066666666666643 8.208015652778888E-13
8.13333333333331 4.885975479432542E-13
8.199999999999976 2.8951925603310656E-13
8.266666666666643 1.707724484893232E-13
8.333333333333309 1.0027055755810108E-13
8.399999999999975 5.860644779135717E-14
8.466666666666642 3.4098459800393775E-14
8.533333333333308 1.9748883601834206E-14
8.599999999999975 1.1385963070039306E-14
8.666666666666641 6.534576030732517E-15
8.733333333333308 3.733244688887494E-15
8.799999999999974 2.123136159115285E-15
8.86666666666664 1.2019669483303107E-15
8.933333333333307 6.773785078792751E-16
8.999999999999973 3.8001034015002283E-16
9.06666666666664 2.1221956353794838E-16
9.133333333333306 1.179783431662516E-16
9.199999999999973 6.529003297550799E-17
9.266666666666639 3.5968307403891515E-17
9.333333333333306 1.972524042076336E-17
9.399999999999972 1.0768471845784253E-17
9.466666666666638 5.8521341792647975E-18
9.533333333333305 3.165901187179935E-18
9.599999999999971 1.704834286537496E-18
9.666666666666638 9.136775163852363E-19
9.733333333333304 4.870354283904073E-19
9.79999999999997 2.576456777035141E-19
9.866666666666637 1.3417565155935486E-19
9.933333333333303 6.669107063058688E-20
9.99999999999997 2.7447474652631824E-20
